23
21
2f
62
69
6e
2f
65
6e
76
20
70
79
74
68
6f
6e
33
0a
0a
69
6d
70
6f
72
74
20
61
72
67
70
61
72
73
65
0a
69
6d
70
6f
72
74
20
73
75
62
70
72
6f
63
65
73
73
0a
0a
66
70
67
61
5f
70
61
74
68
20
3d
20
22
66
70
67
61
22
0a
0a
6d
65
74
68
6f
64
5f
6d
61
70
20
3d
20
7b
0a
20
20
20
20
22
62
75
72
6e
22
3a
20
4e
6f
6e
65
0a
7d
0a
0a
64
65
66
20
70
61
72
73
65
5f
61
72
67
73
28
29
3a
0a
20
20
20
20
70
61
72
73
65
72
20
3d
20
61
72
67
70
61
72
73
65
2e
41
72
67
75
6d
65
6e
74
50
61
72
73
65
72
28
64
65
73
63
72
69
70
74
69
6f
6e
3d
22
42
75
69
6c
64
20
46
50
47
41
20
4c
6f
61
64
65
72
2e
22
29
0a
20
20
20
20
73
75
62
70
61
72
73
65
72
73
20
3d
20
70
61
72
73
65
72
2e
61
64
64
5f
73
75
62
70
61
72
73
65
72
73
28
0a
20
20
20
20
20
20
20
20
74
69
74
6c
65
3d
27
43
6f
6d
6d
61
6e
64
27
2c
0a
20
20
20
20
20
20
20
20
64
65
73
74
3d
27
73
75
62
43
6f
6d
6d
61
6e
64
27
2c
0a
20
20
20
20
29
0a
0a
20
20
20
20
62
75
72
6e
5f
70
61
72
73
65
72
20
3d
20
73
75
62
70
61
72
73
65
72
73
2e
61
64
64
5f
70
61
72
73
65
72
28
0a
20
20
20
20
20
20
20
20
6e
61
6d
65
3d
27
62
75
72
6e
27
2c
0a
20
20
20
20
20
20
20
20
68
65
6c
70
3d
27
42
75
72
6e
20
74
68
65
20
62
69
74
73
74
72
65
61
6d
20
66
69
6c
65
20
74
6f
20
74
68
65
20
68
61
72
64
77
61
72
65
27
0a
20
20
20
20
29
0a
20
20
20
20
62
75
72
6e
5f
70
61
72
73
65
72
2e
61
64
64
5f
61
72
67
75
6d
65
6e
74
28
0a
20
20
20
20
20
20
20
20
27
2d
62
27
2c
0a
20
20
20
20
20
20
20
20
27
2d
2d
62
75
69
6c
64
27
2c
0a
20
20
20
20
20
20
20
20
61
63
74
69
6f
6e
3d
27
73
74
6f
72
65
5f
74
72
75
65
27
2c
0a
20
20
20
20
20
20
20
20
64
65
73
74
3d
27
6e
65
65
64
42
75
69
6c
64
27
2c
0a
20
20
20
20
20
20
20
20
68
65
6c
70
3d
27
42
75
69
6c
64
20
74
68
65
20
62
69
74
73
74
72
65
61
6d
20
66
69
6c
65
20
62
65
66
6f
72
65
20
62
75
72
6e
69
6e
67
2e
27
0a
20
20
20
20
29
0a
20
20
20
20
62
75
72
6e
5f
70
61
72
73
65
72
2e
61
64
64
5f
61
72
67
75
6d
65
6e
74
28
0a
20
20
20
20
20
20
20
20
27
2d
63
27
2c
0a
20
20
20
20
20
20
20
20
27
2d
2d
63
6f
6d
70
69
6c
65
27
2c
0a
20
20
20
20
20
20
20
20
61
63
74
69
6f
6e
3d
27
73
74
6f
72
65
5f
74
72
75
65
27
2c
0a
20
20
20
20
20
20
20
20
64
65
73
74
3d
27
6e
65
65
64
43
6f
6d
70
69
6c
65
27
2c
0a
20
20
20
20
20
20
20
20
68
65
6c
70
3d
27
43
6f
6d
70
69
6c
65
20
74
68
65
20
63
68
69
73
65
6c
20
62
65
66
6f
72
65
20
62
75
72
6e
69
6e
67
2e
27
0a
20
20
20
20
29
0a
20
20
20
20
62
75
72
6e
5f
70
61
72
73
65
72
2e
73
65
74
5f
64
65
66
61
75
6c
74
73
28
66
75
6e
63
3d
62
75
72
6e
29
0a
0a
20
20
20
20
62
75
69
6c
64
5f
70
61
72
73
65
72
20
3d
20
73
75
62
70
61
72
73
65
72
73
2e
61
64
64
5f
70
61
72
73
65
72
28
0a
20
20
20
20
20
20
20
20
6e
61
6d
65
3d
27
62
75
69
6c
64
27
2c
0a
20
20
20
20
20
20
20
20
68
65
6c
70
3d
27
42
75
69
6c
64
20
74
68
65
20
62
69
74
73
74
72
65
61
6d
20
66
69
6c
65
27
0a
20
20
20
20
29
0a
20
20
20
20
62
75
69
6c
64
5f
70
61
72
73
65
72
2e
73
65
74
5f
64
65
66
61
75
6c
74
73
28
66
75
6e
63
3d
62
75
69
6c
64
29
0a
0a
20
20
20
20
63
6c
65
61
6e
5f
70
61
72
73
65
72
20
3d
20
73
75
62
70
61
72
73
65
72
73
2e
61
64
64
5f
70
61
72
73
65
72
28
0a
20
20
20
20
20
20
20
20
6e
61
6d
65
3d
27
63
6c
65
61
6e
27
2c
0a
20
20
20
20
20
20
20
20
68
65
6c
70
3d
27
43
6c
65
61
6e
20
74
68
65
20
62
75
69
6c
64
20
66
69
6c
65
73
27
0a
20
20
20
20
29
0a
20
20
20
20
63
6c
65
61
6e
5f
70
61
72
73
65
72
2e
73
65
74
5f
64
65
66
61
75
6c
74
73
28
66
75
6e
63
3d
63
6c
65
61
6e
29
0a
0a
20
20
20
20
63
6f
6d
70
69
6c
65
5f
70
61
72
73
65
72
20
3d
20
73
75
62
70
61
72
73
65
72
73
2e
61
64
64
5f
70
61
72
73
65
72
28
0a
20
20
20
20
20
20
20
20
6e
61
6d
65
3d
27
63
6f
6d
70
69
6c
65
27
2c
0a
20
20
20
20
20
20
20
20
68
65
6c
70
3d
27
43
6f
6d
70
69
6c
65
20
74
68
65
20
63
68
69
73
65
6c
20
74
6f
20
67
65
6e
65
72
61
74
65
20
76
65
72
69
6c
6f
67
20
66
69
6c
65
73
27
0a
20
20
20
20
29
0a
20
20
20
20
63
6f
6d
70
69
6c
65
5f
70
61
72
73
65
72
2e
73
65
74
5f
64
65
66
61
75
6c
74
73
28
66
75
6e
63
3d
63
6f
6d
70
69
6c
65
29
0a
0a
20
20
20
20
61
72
67
73
20
3d
20
70
61
72
73
65
72
2e
70
61
72
73
65
5f
61
72
67
73
28
29
0a
20
20
20
20
69
66
28
61
72
67
73
2e
73
75
62
43
6f
6d
6d
61
6e
64
29
3a
0a
20
20
20
20
20
20
20
20
61
72
67
73
2e
66
75
6e
63
28
61
72
67
73
29
0a
20
20
20
20
65
6c
73
65
3a
0a
20
20
20
20
20
20
20
20
70
61
72
73
65
72
2e
70
72
69
6e
74
5f
68
65
6c
70
28
29
0a
0a
64
65
66
20
63
6f
6d
70
69
6c
65
28
61
72
67
73
29
3a
0a
20
20
20
20
72
65
74
75
72
6e
20
73
75
62
70
72
6f
63
65
73
73
2e
72
75
6e
28
5b
27
2e
2f
6d
69
6c
6c
27
2c
20
27
63
68
69
73
65
6c
4c
65
61
72
6e
69
6e
67
2e
72
75
6e
4d
61
69
6e
27
2c
20
27
54
6f
70
4c
65
76
65
6c
27
2c
20
66
70
67
61
5f
70
61
74
68
5d
29
0a
0a
64
65
66
20
63
6c
65
61
6e
28
61
72
67
73
29
3a
0a
20
20
20
20
73
75
62
70
72
6f
63
65
73
73
2e
72
75
6e
28
5b
22
72
6d
22
2c
20
22
2d
72
66
22
2c
20
22
69
6d
70
6c
22
5d
2c
20
63
77
64
3d
66
70
67
61
5f
70
61
74
68
29
0a
0a
64
65
66
20
62
75
69
6c
64
28
61
72
67
73
29
3a
0a
20
20
20
20
72
65
73
20
3d
20
73
75
62
70
72
6f
63
65
73
73
2e
72
75
6e
28
5b
22
67
77
5f
73
68
22
2c
20
22
74
63
6c
2f
73
79
6e
74
68
2e
74
63
6c
22
5d
2c
20
63
77
64
3d
66
70
67
61
5f
70
61
74
68
29
0a
20
20
20
20
73
75
62
70
72
6f
63
65
73
73
2e
72
75
6e
28
0a
20
20
20
20
20
20
20
20
5b
0a
20
20
20
20
20
20
20
20
20
20
20
20
22
67
72
65
70
22
2c
20
0a
20
20
20
20
20
20
20
20
20
20
20
20
22
2d
41
32
30
22
2c
20
0a
20
20
20
20
20
20
20
20
20
20
20
20
22
5c
5c
2e
20
52
65
73
6f
75
72
63
65
20
55
73
61
67
65
20
53
75
6d
6d
61
72
79
22
2c
20
0a
20
20
20
20
20
20
20
20
20
20
20
20
22
69
6d
70
6c
2f
70
6e
72
2f
54
61
6e
67
49
6d
70
43
6f
72
65
2e
72
70
74
2e
74
78
74
22
0a
20
20
20
20
20
20
20
20
5d
2c
20
0a
20
20
20
20
20
20
20
20
63
77
64
3d
66
70
67
61
5f
70
61
74
68
0a
20
20
20
20
29
0a
20
20
20
20
72
65
74
75
72
6e
20
72
65
73
0a
0a
64
65
66
20
62
75
72
6e
28
61
72
67
73
29
3a
0a
20
20
20
20
74
72
79
3a
0a
20
20
20
20
20
20
20
20
69
66
20
61
72
67
73
2e
6e
65
65
64
43
6f
6d
70
69
6c
65
3a
0a
20
20
20
20
20
20
20
20
20
20
20
20
72
65
73
20
3d
20
63
6f
6d
70
69
6c
65
28
61
72
67
73
29
0a
20
20
20
20
20
20
20
20
20
20
20
20
72
65
73
2e
63
68
65
63
6b
5f
72
65
74
75
72
6e
63
6f
64
65
28
29
0a
20
20
20
20
20
20
20
20
69
66
20
61
72
67
73
2e
6e
65
65
64
42
75
69
6c
64
3a
0a
20
20
20
20
20
20
20
20
20
20
20
20
72
65
73
20
3d
20
62
75
69
6c
64
28
61
72
67
73
29
0a
20
20
20
20
20
20
20
20
20
20
20
20
72
65
73
2e
63
68
65
63
6b
5f
72
65
74
75
72
6e
63
6f
64
65
28
29
0a
20
20
20
20
20
20
20
20
73
75
62
70
72
6f
63
65
73
73
2e
72
75
6e
28
5b
22
6f
70
65
6e
46
50
47
41
4c
6f
61
64
65
72
22
2c
20
22
2d
62
22
2c
20
22
74
61
6e
67
6e
61
6e
6f
39
6b
22
2c
20
22
69
6d
70
6c
2f
70
6e
72
2f
54
61
6e
67
49
6d
70
43
6f
72
65
2e
66
73
22
5d
2c
20
63
77
64
3d
66
70
67
61
5f
70
61
74
68
29
0a
20
20
20
20
65
78
63
65
70
74
3a
0a
20
20
20
20
20
20
20
20
70
61
73
73
0a
0a
0a
69
66
20
5f
5f
6e
61
6d
65
5f
5f
20
3d
3d
20
22
5f
5f
6d
61
69
6e
5f
5f
22
3a
0a
20
20
20
20
70
61
72
73
65
5f
61
72
67
73
28
29
0a
